237.404
205.985
177.358
154.923
140.076
129.841
123.012
118.246
114.926
112.53
110.699
109.154
107.68
105.997
103.93
101.423
98.3131
94.624
90.3136
85.4479
80.0507
74.2427
68.2029
62.1157
56.0669
50.1608
44.5487
39.2419
34.3122
29.8576
25.8341
22.252
19.1038
16.3511
13.9654
11.9106
10.157
8.65425
7.36617
6.27612
5.35492
4.59371
3.96447
3.44016
3.01685
2.67226
2.41334
2.18891
1.99217
1.84779
1.71451
1.59883
1.49783
1.40873
1.32867
1.25737
1.19747
1.14481
1.09906
1.06745
1.03917
1.01495
0.992989
0.974387
0.956111
0.939778
0.926828
0.915297
0.903646
0.892966
0.883916
0.875994
0.869423
0.996707
0.980139
0.917239
0.960109
0.848938
0.848893
0.842286
0.837033
0.832851
0.82945
0.826225
0.82296
0.820218
0.817487
0.815234
0.813346
0.811431
0.809657
0.807765
0.806785
0.804024
0.877675
0.802267
0.799562
0.795593
2.48151
0.915002
0.796567
0.802317
0.798122
0.794859
0.791625
1.22652
0.793055
0.819087
5.58877
1.17855
0.925352
0.859524
0.822628
0.803681
0.802638
0.804742
0.914135
0.803152
0.808862
0.791536
0.786599
0.784434
0.782668
0.78101
0.781104
0.781857
0.779987
0.783736
0.780011
