0.0541765
0.0130086
0.0218716
0.0486189
0.0657197
0.0758868
0.080424
0.0810815
0.0787301
0.0741089
0.0677505
0.0601189
0.0516219
0.0426485
0.0335298
0.0245757
0.0161147
0.00837114
0.00157348
0.00417591
0.0088153
0.0123941
0.0147641
0.0161767
0.0169152
0.0171882
0.0171262
0.0168186
0.0163932
0.0158737
0.0153308
0.0147987
0.0142771
0.0137732
0.0132963
0.0128476
0.0124298
0.0120479
0.0116724
0.0113308
0.0110207
0.0107221
0.0104247
0.0101044
0.00978833
0.00947852
0.00918912
0.00888386
0.00856871
0.00827235
0.00796867
0.00767237
0.00738229
0.00709557
0.00680059
0.00650666
0.00623135
0.00596744
0.00570779
0.00546855
0.00523551
0.00500446
0.00477253
0.00454627
0.00432196
0.00409681
0.00387561
0.00365791
0.00343697
0.00321946
0.00301074
0.00281036
0.00262375
0.00251779
0.00241739
0.00226366
0.00250808
0.00217991
0.00201937
0.00182714
0.0016488
0.00148728
0.00133503
0.00118575
0.00103787
0.000894953
0.000756971
0.000625277
0.000501618
0.000380974
0.000266741
0.000152544
5.57213e-05
6.41785e-05
9.47025e-05
0.000131723
0.000271797
0.000416664
0.00103139
0.000253691
8.78877e-05
0.000242202
0.000376549
0.000501839
0.000628056
3.47956e-05
0.000344845
0.000395894
0.00282311
0.00133535
0.000646787
0.000250744
3.68499e-05
0.000273916
0.00039396
0.000458287
0.000257095
0.000486716
0.000654596
0.000783709
0.000909006
0.00102393
0.00112941
0.00122725
0.00129221
0.00130023
0.00134809
0.00133077
0.00137689
