1.04649
0.540485
0.324928
0.227332
0.185195
0.165135
0.154377
0.148219
0.144089
0.140163
0.136588
0.133536
0.131067
0.129074
0.127385
0.12638
0.125182
0.124043
0.12322
0.122448
0.121731
0.121009
0.120315
0.119509
0.118834
0.117735
0.116882
0.115656
0.115959
0.115523
0.114979
0.11463
0.114219
0.113846
0.113342
0.112735
0.11241
0.112036
0.112114
0.111899
0.111677
0.111383
0.111133
0.110949
0.110768
0.11069
0.110707
0.110633
0.110521
0.110412
0.110309
0.110203
0.110226
0.110878
0.110816
0.110737
0.110635
0.110474
0.110388
0.110465
0.110757
0.111781
0.111626
0.111465
0.111309
0.111181
0.111289
0.111128
0.110936
0.1108
0.11067
0.11049
0.110302
0.110123
0.109931
0.109719
0.109519
0.10932
0.109114
0.10891
0.108712
0.108517
0.108317
0.108108
0.10789
0.107665
0.10744
0.107233
0.107023
0.106807
0.106583
0.106352
0.106114
0.105876
0.105623
0.105361
0.10509
0.104822
0.104559
0.104283
0.10399
0.103674
0.103323
0.102919
0.102519
0.10211
0.101817
0.101507
0.101175
0.100909
0.100645
0.100388
0.100154
0.0999049
0.0996316
0.0993543
0.0991696
0.098971
0.0987535
0.0985473
