0.35
0.230559
0.137511
0.0759938
0.0378225
0.0152349
0.0026121
0.0043766
0.00878967
0.0114674
0.0127958
0.0133217
0.0135164
0.0133897
0.013401
0.0134093
0.0133401
0.0131662
0.0130809
0.0129636
0.0127163
0.0125186
0.0123634
0.0121808
0.0118549
0.0116477
0.0115307
0.0118072
0.0121841
0.0128578
0.0133178
0.0136375
0.0139312
0.0141196
0.0142019
0.0141862
0.0141873
0.0141665
0.0141624
0.0141741
0.0141978
0.014183
0.0141336
0.0140855
0.0140384
0.0139869
0.0139226
0.0138566
0.0137996
0.0137223
0.0136346
0.0135398
0.0134386
0.0133385
0.013268
0.0131818
0.013084
0.0129884
0.0128865
0.012781
0.0126649
0.0125499
0.0124606
0.0123651
0.0122649
0.012163
0.0120597
0.0119598
0.0118583
0.011761
0.0116656
0.0115686
0.0114694
0.0113708
0.0112732
0.0111758
0.0110808
0.010985
0.0108871
0.0107882
0.0106954
0.0106018
0.010508
0.0104133
0.0103177
0.010221
0.010126
0.0100347
0.00994377
0.00985259
0.00976138
0.0096702
0.00957869
0.00948963
0.00940119
0.00931273
0.00922585
0.00914229
0.00906062
0.00897867
0.00889697
0.00881565
0.00873429
0.00865237
0.0085764
0.00850344
0.00843869
0.00836792
0.00829467
0.00822955
0.00816128
0.00809232
0.00802688
0.00795906
0.0078899
0.00782277
0.00776483
0.00770134
0.00763515
0.00757025
