192.193
192.182
192.169
192.153
192.134
192.111
192.084
192.05
192.009
191.959
191.899
191.825
191.735
191.625
191.49
191.325
191.122
190.873
190.566
190.189
189.722
189.145
188.429
187.54
186.429
185.038
183.289
181.077
178.266
174.67
170.043
164.052
156.254
146.067
132.756
115.415
93.8878
73.3808
54.5975
38.6433
26.6923
19.1038
14.9361
12.7946
11.6698
11.6412
11.9484
12.2178
12.3344
12.1953
11.9035
11.5326
11.1243
10.7096
10.3042
9.92802
9.60249
9.37327
9.19181
9.04092
8.91907
8.82239
8.74037
8.69466
8.6507
8.60568
8.575
8.54709
8.5171
8.48984
8.47535
8.47149
8.46835
8.46223
8.45622
8.44987
8.44997
8.45153
8.45095
8.45454
8.45939
8.46172
8.46681
8.4741
8.48044
8.48817
8.49515
8.50423
8.51729
8.53131
8.54442
8.55627
8.56674
8.57393
8.57742
8.57793
8.57705
8.57733
8.57813
8.57864
8.57851
8.57847
8.57775
8.57383
8.57012
8.56602
8.56099
8.5541
8.54561
8.53676
8.52836
8.5227
8.51741
8.51072
8.50347
8.49591
8.48805
8.47924
8.4711
8.46248
8.453
8.44283
8.43283
8.42407
8.41678
8.40867
8.40029
8.39175
8.38201
8.37114
8.36094
8.35029
8.33924
8.32869
8.31825
8.30803
8.29774
8.28734
8.27741
8.2688
8.26127
8.25405
8.24759
8.2408
8.23374
8.22709
8.21997
8.21257
8.20462
