235.517
203.074
176.139
155.674
140.109
129.033
121.677
116.636
112.992
110.276
108.251
106.473
104.747
102.873
100.755
98.1024
94.8404
90.9351
86.4044
81.3341
75.9386
70.2424
64.3408
58.3599
52.5855
47.0538
41.7346
36.7987
32.3006
28.2015
24.546
21.3116
18.4666
16.0057
13.8567
12.0043
10.3995
9.00099
7.80973
6.78848
5.94407
5.23627
4.63538
4.16346
3.78098
3.44989
3.16502
2.98458
2.7931
2.63082
2.49954
2.38902
2.29285
2.21393
2.15754
2.11463
2.07925
2.04836
2.0181
1.98771
1.95784
1.92772
1.89723
1.86673
1.83782
1.80959
1.78189
1.75549
1.7315
1.70947
1.68741
1.66612
1.64585
1.62557
1.60551
1.58589
1.56658
1.54786
1.53183
1.51664
1.50324
1.4907
1.47836
1.46622
1.45455
1.44338
1.43246
1.42182
1.41217
1.40282
1.39379
1.38507
1.37678
1.36886
1.36152
1.35449
1.34783
1.34175
1.33603
1.33068
1.32607
1.32223
1.31866
1.31536
1.31233
1.30955
1.30702
1.30472
1.30264
1.30078
1.29913
1.29768
1.29653
1.29567
1.29494
1.29435
1.29388
1.29353
1.29328
1.29311
1.29302
1.29301
1.29305
1.29314
1.29327
1.29345
1.29365
1.29387
1.29411
