0.0543795
0.0136966
0.0198776
0.0452136
0.0631218
0.0739982
0.0789223
0.0798112
0.0777176
0.0732846
0.0670439
0.0595436
0.0511431
0.0422453
0.0331928
0.0243733
0.0160557
0.00851006
0.00192633
0.0035924
0.00803749
0.0114171
0.0136992
0.0148849
0.0154605
0.0156026
0.0154604
0.0151553
0.0147723
0.0143256
0.0138899
0.013472
0.0131213
0.0128124
0.012555
0.0123471
0.0121689
0.0120066
0.0118881
0.0117806
0.0116975
0.0116294
0.011573
0.0115588
0.0115538
0.0115402
0.0115224
0.011551
0.0115407
0.0115283
0.0115188
0.0115115
0.0114862
0.0114344
0.011368
0.011273
0.0111585
0.0110217
0.0108548
0.0106499
0.0104109
0.0101372
0.00982974
0.00949283
0.00913722
0.00876433
0.00837433
0.00797337
0.00755929
0.0071237
0.00667124
0.00621156
0.00575186
0.0052934
0.00484018
0.00439661
0.00396397
0.00354574
0.00314971
0.00277003
0.00240914
0.0020624
0.00172898
0.00140944
0.00110501
0.000816246
0.00054223
0.00028242
3.87624e-05
0.000192419
0.000447377
0.000691704
0.000921703
0.0011384
0.00134186
0.00153282
0.00171097
0.00187442
0.00202421
0.00215997
0.00228039
0.00238616
0.00247878
0.0025587
0.00262573
0.0026806
0.00272366
0.00275622
0.00277845
0.00279049
0.00279237
0.00278461
0.00276814
0.00274266
0.00270903
0.00266784
0.00261924
0.0025638
0.00250266
0.00243615
0.00236436
0.00228783
0.00220741
0.00212329
0.00203593
0.00194578
0.00185332
0.00175902
0.00166327
0.0543795
0.0136966
0.0198776
0.0452136
0.0631218
0.0739982
0.0789223
0.0798112
0.0777176
0.0732846
0.0670439
0.0595436
0.0511431
0.0422453
0.0331928
0.0243733
0.0160557
0.00851006
0.00192633
0.0035924
0.00803749
0.0114171
0.0136992
0.0148849
0.0154605
0.0156026
0.0154604
0.0151553
0.0147723
0.0143256
0.0138899
0.013472
0.0131213
0.0128124
0.012555
0.0123471
0.0121689
0.0120066
0.0118881
0.0117806
0.0116975
0.0116294
0.011573
0.0115588
0.0115538
0.0115402
0.0115224
0.011551
0.0115407
0.0115283
0.0115188
0.0115115
0.0114862
0.0114344
0.011368
0.011273
0.0111585
0.0110217
0.0108548
0.0106499
0.0104109
0.0101372
0.00982974
0.00949283
0.00913722
0.00876433
0.00837433
0.00797337
0.00755929
0.0071237
0.00667124
0.00621156
0.00575186
0.0052934
0.00484018
0.00439661
0.00396397
0.00354574
0.00314971
0.00277003
0.00240914
0.0020624
0.00172898
0.00140944
0.00110501
0.000816246
0.00054223
0.00028242
3.87624e-05
0.000192419
0.000447377
0.000691704
0.000921703
0.0011384
0.00134186
0.00153282
0.00171097
0.00187442
0.00202421
0.00215997
0.00228039
0.00238616
0.00247878
0.0025587
0.00262573
0.0026806
0.00272366
0.00275622
0.00277845
0.00279049
0.00279237
0.00278461
0.00276814
0.00274266
0.00270903
0.00266784
0.00261924
0.0025638
0.00250266
0.00243615
0.00236436
0.00228783
0.00220741
0.00212329
0.00203593
0.00194578
0.00185332
0.00175902
0.00166327
0.0543795
0.0136966
0.0198776
0.0452136
0.0631218
0.0739982
0.0789223
0.0798112
0.0777176
0.0732846
0.0670439
0.0595436
0.0511431
0.0422453
0.0331928
0.0243733
0.0160557
0.00851006
0.00192633
0.0035924
0.00803749
0.0114171
0.0136992
0.0148849
0.0154605
0.0156026
0.0154604
0.0151553
0.0147723
0.0143256
0.0138899
0.013472
0.0131213
0.0128124
0.012555
0.0123471
0.0121689
0.0120066
0.0118881
0.0117806
0.0116975
0.0116294
0.011573
0.0115588
0.0115538
0.0115402
0.0115224
0.011551
0.0115407
0.0115283
0.0115188
