246.715
212.932
182.88
159.756
143.692
132.828
124.938
118.986
114.386
110.734
107.685
104.977
102.333
99.6326
96.653
93.3237
89.4896
85.181
80.3424
75.256
69.9052
64.2184
58.5978
53.1366
47.97
43.1634
38.733
34.7035
31.1267
27.8991
25.0594
22.6072
20.5024
18.6539
17.101
15.7475
14.5717
13.5858
12.7495
12.0229
11.3903
10.862
10.436
10.072
9.76285
9.50664
9.30562
9.13893
9.00697
8.89276
8.79147
8.69606
8.61175
8.53673
8.46546
8.39844
8.33746
8.27863
8.22058
8.16236
8.10427
8.04678
7.99027
7.93566
7.88257
7.83054
7.78135
7.73341
7.68922
7.64675
7.60484
7.56422
7.5252
7.48898
7.45361
7.41905
7.38536
7.35317
7.32264
7.29402
7.26736
7.24156
7.21653
7.19226
7.16883
7.14697
7.12582
7.10532
7.08547
7.06627
7.04771
7.02978
7.01248
6.99579
6.97969
6.96422
6.94974
6.93595
6.92294
6.91085
6.8994
6.88855
6.8783
6.86862
6.85951
6.85099
6.84299
6.83551
6.8285
6.82197
6.8159
6.81027
6.80508
6.8003
6.79592
6.79193
6.78832
6.78507
6.7822
6.7797
6.77755
6.77576
6.77431
6.77319
6.77238
6.77187
6.77206
6.77305
6.77419
