0.0551636
0.0150184
0.0188634
0.0448465
0.0621047
0.0727279
0.0785541
0.0805938
0.0795536
0.0760235
0.0705129
0.0634739
0.0553258
0.046429
0.0371993
0.0279902
0.0191926
0.0110882
0.00394365
0.00215864
0.00709745
0.0108869
0.0133754
0.0148408
0.0156874
0.0161124
0.0162244
0.0161539
0.0159451
0.015638
0.0153171
0.0150359
0.0147717
0.0145319
0.0143442
0.0141668
0.0140132
0.0139283
0.0138506
0.0137825
0.0137256
0.0137068
0.0137342
0.0137672
0.0138025
0.0138369
0.0138701
0.0138942
0.0139124
0.0138973
0.0138446
0.0137452
0.013612
0.0134468
0.0132403
0.0129994
0.0127343
0.0124332
0.0120945
0.0117196
0.011312
0.0108732
0.0103821
0.00985833
0.00931331
0.00875704
0.0082002
0.0076437
0.00709982
0.00656551
0.0060399
0.00552851
0.00503272
0.00455548
0.00409282
0.00364587
0.00321549
0.00280377
0.00241095
0.00203783
0.00168565
0.00135025
0.00103122
0.000728584
0.000442373
0.000174174
7.86502e-05
0.00031641
0.000539366
0.000747937
0.000942548
0.00112357
0.00129145
0.00144724
0.00159253
0.00177546
0.00195351
0.00211909
0.00227135
0.00241142
0.00254029
0.00265688
0.00276188
0.00285491
0.00293559
0.00300395
0.00306169
0.00310852
0.00314489
0.003171
0.00318757
0.00319446
0.00319252
0.00318157
0.0031625
0.00313614
0.00310281
0.00306309
0.00301701
0.00296417
0.00290484
0.00283919
0.00276761
0.00269115
0.00261006
0.00252425
0.00243265
0.00233572
0.00223636
