1.25387
0.751701
0.53438
0.432914
0.386132
0.363078
0.351809
0.345196
0.340307
0.336157
0.333649
0.331552
0.329883
0.328677
0.3276
0.326929
0.326056
0.325302
0.324782
0.32492
0.324683
0.324431
0.324945
0.325764
0.326119
0.325943
0.325641
0.325718
0.325346
0.324992
0.324664
0.324329
0.323897
0.32345
0.323118
0.322872
0.322694
0.322476
0.322209
0.321942
0.321693
0.321531
0.321408
0.32124
0.321037
0.320832
0.320635
0.320449
0.320271
0.320112
0.319962
0.319804
0.319638
0.319479
0.319335
0.319204
0.319073
0.318953
0.318845
0.318741
0.318636
0.31854
0.318444
0.318353
0.31826
0.318166
0.318074
0.317987
0.317914
0.317841
0.317768
0.317698
0.317628
0.317558
0.317486
0.317414
0.317343
0.317274
0.317208
0.317143
0.317079
0.317022
0.31697
0.316921
0.316872
0.316821
0.316775
0.316734
0.316693
0.316651
0.316609
0.316567
0.316531
0.316494
0.316456
0.316418
0.316379
0.31634
0.3163
0.316259
0.316218
0.316176
0.316133
0.31609
0.316047
0.316004
0.315961
0.315918
0.315876
0.315838
0.315803
0.315769
0.315735
0.315702
0.315663
0.315622
0.315581
0.315539
0.315497
0.315454
