0.35
0.228371
0.136446
0.0756219
0.0382046
0.016534
0.00403482
0.00303368
0.00679973
0.0085457
0.00930826
0.00985235
0.00996374
0.00974537
0.00947746
0.00914324
0.00886662
0.00853735
0.00816582
0.00775151
0.00743257
0.00702381
0.00683919
0.00728255
0.00778289
0.00820351
0.0084392
0.00856268
0.00879838
0.00898441
0.00908114
0.00913745
0.00916244
0.00913529
0.00904383
0.00901309
0.00901747
0.00899128
0.00894302
0.00889182
0.00879763
0.0086866
0.0086139
0.00855008
0.00848716
0.00840872
0.00832989
0.00824784
0.00816525
0.00808782
0.00801111
0.00793154
0.00784858
0.00776408
0.00768471
0.00760836
0.00752749
0.00745289
0.00738732
0.00731966
0.00724822
0.00717875
0.00710638
0.00703425
0.00696535
0.00689674
0.00682805
0.00676075
0.00670157
0.00664322
0.00658357
0.00652333
0.00646047
0.00639842
0.00634125
0.00628268
0.00622462
0.00616941
0.00611565
0.00606018
0.00600471
0.0059511
0.00589745
0.00584232
0.00578921
0.00573809
0.00569285
0.00565659
0.00562089
0.00558506
0.00554703
0.00550845
0.00548048
0.00545114
0.0054197
0.00538632
0.00535101
0.00531386
0.00527499
0.00523481
0.00519283
0.00514926
0.00510413
0.00505735
0.00500961
0.00496099
0.00491152
0.00486065
0.00480834
0.00475939
0.00471087
0.00466648
0.00462071
0.00457448
0.00453162
0.00448738
0.00444197
0.00439561
0.00434855
0.00430108
