1.02078
0.518171
0.301124
0.203917
0.164623
0.149166
0.142109
0.138804
0.135265
0.131422
0.128472
0.124843
0.12159
0.118741
0.116709
0.115059
0.114305
0.112993
0.111591
0.110448
0.109966
0.109132
0.108224
0.107519
0.10697
0.106967
0.111025
0.111502
0.110182
0.109704
0.108628
0.107534
0.107021
0.106605
0.109806
0.10781
0.106655
0.105575
0.104693
0.103676
0.105431
0.10449
0.103036
0.101665
0.101664
0.100757
0.100159
0.0996266
0.100313
0.099572
0.100082
0.100751
0.100668
0.100301
0.0988715
0.0980143
0.0974111
0.0967557
0.0961466
0.0959875
0.0952693
0.0947315
0.0940029
0.0945919
0.0944196
0.0936999
0.0947954
0.0945334
0.0928662
0.0921599
0.091795
0.0909351
0.0916087
0.0911069
0.0909136
0.0906186
0.0913865
0.0917252
0.0887452
0.0878846
0.0918057
0.0891461
0.0885624
0.0905767
0.0970673
0.0933612
0.0963198
0.103895
0.0998792
0.101052
0.097486
0.0956958
0.0936762
0.090696
0.0925173
0.0934599
0.0905941
0.0900731
0.0985673
0.0966643
0.0943277
0.0918939
0.0895398
0.0876698
0.0893154
0.0877613
0.0859183
0.0842299
0.0843844
0.0820895
0.0827585
0.087139
0.0872965
0.0858596
0.0814842
0.0819093
0.080527
0.079844
0.0896757
0.0893338
