0.35
0.233755
0.135973
0.0721289
0.0322356
0.00916778
0.00432294
0.0121641
0.0164134
0.0183418
0.019237
0.0197236
0.0199012
0.0199209
0.0198604
0.0197423
0.0198786
0.0196662
0.0193728
0.0190787
0.0188671
0.0187294
0.0185394
0.0182474
0.0180052
0.0177955
0.0190457
0.0186684
0.0180843
0.0177945
0.0174313
0.0170919
0.0167368
0.0165258
0.0171781
0.0164343
0.0159456
0.0157339
0.0156986
0.0159125
0.0161126
0.0163994
0.0164662
0.0164476
0.0165351
0.0165226
0.0164764
0.0164777
0.0165955
0.0164148
0.0163177
0.0162149
0.016102
0.0160862
0.0158899
0.0157321
0.0155907
0.0154502
0.0153179
0.0151735
0.0150247
0.014885
0.0147528
0.014663
0.0144793
0.0142915
0.0144797
0.0141174
0.0139215
0.0137166
0.0135252
0.0133621
0.0132301
0.0131036
0.0129526
0.0130739
0.012886
0.0126747
0.0124687
0.0123194
0.0133876
0.0128057
0.0124811
0.0125269
0.0136367
0.0128839
0.0128223
0.012891
0.0123073
0.0120877
0.0118575
0.0116783
0.0114998
0.0113812
0.0114823
0.011374
0.0110549
0.010833
0.011043
0.010694
0.0104451
0.0102452
0.0100806
0.00991945
0.00983116
0.00965974
0.00950364
0.00936238
0.00925747
0.00911379
0.00899232
0.00914624
0.00894019
0.00877838
0.00864992
0.00861861
0.00854089
0.00847126
0.00912913
0.00887779
