13.425
13.3478
13.2418
13.0951
12.8903
12.603
12.1996
11.6496
11.0085
10.2533
9.40306
8.43091
7.40421
6.37972
5.39575
4.4821
3.68745
3.01406
2.42547
1.8931
1.43246
1.11549
1.0244
1.00332
1.00904
1.04904
1.0892
1.10781
1.11616
1.12295
1.12747
1.13138
1.13374
1.13522
1.13614
1.13622
1.13644
1.13666
1.13625
13.425
13.3478
13.2418
13.0951
12.8903
12.603
12.1996
11.6496
11.0085
10.2533
9.40306
8.43091
7.40421
6.37972
5.39575
4.4821
3.68745
3.01406
2.42547
1.8931
1.43246
1.11549
1.0244
1.00332
1.00904
1.04904
1.0892
1.10781
1.11616
1.12295
1.12747
1.13138
1.13374
1.13522
1.13614
1.13622
1.13644
1.13666
1.13625
